     nid x y z tc rc    
     199        -5.09402         33.7966            10.0       0       0
     200             0.0        34.54087            10.0       0       0
     201         5.09402         33.7966            10.0       0       0
     202        -5.74022        38.08384            10.0       0       0
     203             0.0        38.94904            10.0       0       0
     204         5.74022        38.08384            10.0       0       0
     205        -3.69754        39.73999            10.0       0       0
     206        -2.24138        39.95946            10.0       0       0
     207         2.24138        39.95946            10.0       0       0
     208         3.69754        39.73999            10.0       0       0
     209         -6.1873        41.05004            10.0       0       0
     210        -4.12487         41.3609            10.0       0       0
     211        -2.06243        41.67176            10.0       0       0
     212             0.0        41.98262            10.0       0       0
     213         2.06243        41.67176            10.0       0       0
     214         4.12487         41.3609            10.0       0       0
     215          6.1873        41.05004            10.0       0       0
     216        -6.48535         43.0275            10.0       0       0
     217        -4.32357        43.35334            10.0       0       0
     218        -2.16178        43.67917            10.0       0       0
     219             0.0        44.00501            10.0       0       0
     220         2.16178        43.67917            10.0       0       0
     221         4.32357        43.35334            10.0       0       0
     222         6.48535         43.0275            10.0       0       0
     223         -6.6417        44.06477            10.0       0       0
     224          -4.995        44.44301            10.0       0       0
     225       -3.490292        44.89336            10.0       0       0
     226        -2.08139        45.38641            10.0       0       0
     227         2.08139        45.38641            10.0       0       0
     228        3.490292        44.89336            10.0       0       0
     229           4.995        44.44301            10.0       0       0
     230          6.6417        44.06477            10.0       0       0
     231        -6.79804        45.10204            10.0       0       0
     232        -5.61286        45.44574            10.0       0       0
     233       -4.743853        46.03904            10.0       0       0
     234        -4.15775        46.76448            10.0       0       0
     235         4.15775        46.76448            10.0       0       0
     236        4.743853        46.03904            10.0       0       0
     237         5.61286        45.44574            10.0       0       0
     238         6.79804        45.10204            10.0       0       0
     239        -3.86057        47.53809            10.0       0       0
     240        -1.94249         46.2744            10.0       0       0
     241             0.0        45.00439            10.0       0       0
     242         1.94249         46.2744            10.0       0       0
     243         3.86057        47.53809            10.0       0       0
     244        -3.63876        48.33254            10.0       0       0
     245        -1.84048        47.17234            10.0       0       0
     246             0.0        46.00378            10.0       0       0
     247         1.84048        47.17234            10.0       0       0
     248         3.63876        48.33254            10.0       0       0
     249        -3.56391         49.1597            10.0       0       0
     250         -1.7836        48.08088            10.0       0       0
     251             0.0        47.00316            10.0       0       0
     252          1.7836        48.08088            10.0       0       0
     253         3.56391         49.1597            10.0       0       0
     254        -3.49725        49.98754            10.0       0       0
     255        -1.74049        48.99296            10.0       0       0
     256             0.0        48.00254            10.0       0       0
     257         1.74049        48.99296            10.0       0       0
     258         3.49725        49.98754            10.0       0       0
     259        -3.38003         50.8089            10.0       0       0
     260        -1.68029        49.90275            10.0       0       0
     261             0.0        49.00192            10.0       0       0
     262         1.68029        49.90275            10.0       0       0
     263         3.38003         50.8089            10.0       0       0
     264        -3.20357        51.61999            10.0       0       0
     265        -1.59445        50.80805            10.0       0       0
     266             0.0        50.00131            10.0       0       0
     267         1.59445        50.80805            10.0       0       0
     268         3.20357        51.61999            10.0       0       0
     269        -2.98429         52.4207            10.0       0       0
     270        -1.48625        51.70827            10.0       0       0
     271             0.0        51.00069            10.0       0       0
     272         1.48625        51.70827            10.0       0       0
     273         2.98429         52.4207            10.0       0       0
     274        -2.73081        53.21144            10.0       0       0
     275        -1.35943        52.60319            10.0       0       0
     276             0.0        52.00007            10.0       0       0
     277         1.35943        52.60319            10.0       0       0
     278         2.73081        53.21144            10.0       0       0
     279        -2.44122        53.98986            10.0       0       0
     280        -1.21526        53.49219            10.0       0       0
     281             0.0        52.99945            10.0       0       0
     282         1.21526        53.49219            10.0       0       0
     283         2.44122        53.98986            10.0       0       0
     284        -2.11899        54.75518            10.0       0       0
     285        -1.05569        54.37518            10.0       0       0
     286             0.0        53.99884            10.0       0       0
     287         1.05569        54.37518            10.0       0       0
     288         2.11899        54.75518            10.0       0       0
     289        -1.77432        55.51056            10.0       0       0
     290       -0.883679         55.2528            10.0       0       0
     291             0.0        54.99822            10.0       0       0
     292        0.883679         55.2528            10.0       0       0
     293         1.77432        55.51056            10.0       0       0
     294        -1.40935        56.25661            10.0       0       0
     295       -0.699801        56.12484            10.0       0       0
     296             0.0         55.9976            10.0       0       0
     297        0.699801        56.12484            10.0       0       0
     298         1.40935        56.25661            10.0       0       0
     299        -1.01129        56.98549            10.0       0       0
     300       -0.505659        56.99236            10.0       0       0
     301             0.0        56.99698            10.0       0       0
     302        0.505659        56.99236            10.0       0       0
     303         1.01129        56.98549            10.0       0       0