   nid x y z tc rc
   10078          -6.425           42.63           -10.0       0       0
   10079          -4.819         42.9917           -10.0       0       0
   10080          -3.213          43.353           -10.0       0       0
   10081          -1.606          43.715           -10.0       0       0
   10082             0.0          44.077           -10.0       0       0
   10083          1.6064          43.715           -10.0       0       0
   10084          3.2127          43.353           -10.0       0       0
   10085          4.8191         42.9917           -10.0       0       0
   10086          6.4254           42.63           -10.0       0       0
   10087          -6.612          43.866           -10.0       0       0
   10088          -5.494         44.2297           -10.0       0       0
   10089          -4.377         44.5934           -10.0       0       0
   10090          -3.259          44.957           -10.0       0       0
   10091          -2.141          45.321           -10.0       0       0
   10092          2.1415          45.321           -10.0       0       0
   10093          3.2213          44.871           -10.0       0       0
   10094          4.3275          44.474           -10.0       0       0
   10095           5.461          44.146           -10.0       0       0
   10096          6.6117          43.866           -10.0       0       0
   10097          -6.798          45.102           -10.0       0       0
   10098          -6.085         45.2406           -10.0       0       0
   10099          -5.417          45.521           -10.0       0       0
   10100          -4.827          45.943           -10.0       0       0
   10101          -4.283          46.565           -10.0       0       0
   10102          4.2831          46.565           -10.0       0       0
   10103           4.832          45.948           -10.0       0       0
   10104          5.4223          45.533           -10.0       0       0
   10105            6.09         45.2527           -10.0       0       0
   10106           6.798          45.102           -10.0       0       0
   10107          -3.883         47.3247           -10.0       0       0
   10108          -1.967          46.208           -10.0       0       0
   10109             0.0          45.071           -10.0       0       0
   10110          1.9691          46.209           -10.0       0       0
   10111          3.8899          47.327           -10.0       0       0
   10112          -3.653          48.153           -10.0       0       0
   10113          -1.848          47.114           -10.0       0       0
   10114             0.0          46.065           -10.0       0       0
   10115            1.85          47.114           -10.0       0       0
   10116          3.6598          48.154           -10.0       0       0
   10117           -3.56          49.003           -10.0       0       0
   10118          -1.786          48.035           -10.0       0       0
   10119             0.0           47.06           -10.0       0       0
   10120          1.7848          48.034           -10.0       0       0
   10121          3.5599          49.008           -10.0       0       0
   10122            -3.5          49.866           -10.0       0       0
   10123          -1.743          48.959           -10.0       0       0
   10124             0.0          48.054           -10.0       0       0
   10125          1.7393          48.959           -10.0       0       0
   10126          3.4869          49.864           -10.0       0       0
   10127          -3.393          50.718           -10.0       0       0
   10128          -1.685          49.882           -10.0       0       0
   10129             0.0          49.048           -10.0       0       0
   10130          1.6812          49.881           -10.0       0       0
   10131          3.3887          50.718           -10.0       0       0
   10132          -3.213           51.56           -10.0       0       0
   10133          -1.599            50.8           -10.0       0       0
   10134             0.0         50.0426           -10.0       0       0
   10135          1.5939         50.7977           -10.0       0       0
   10136          3.2009          51.555           -10.0       0       0
   10137          -2.992          52.391           -10.0       0       0
   10138          -1.489          51.712           -10.0       0       0
   10139             0.0          51.037           -10.0       0       0
   10140          1.4784          51.708           -10.0       0       0
   10141           2.979          52.385           -10.0       0       0
   10142          -2.728           53.21           -10.0       0       0
   10143          -1.358          52.619           -10.0       0       0
   10144             0.0          52.031           -10.0       0       0
   10145          1.3394          52.611           -10.0       0       0
   10146          2.6804          53.192           -10.0       0       0
   10147          -2.431          54.018           -10.0       0       0
   10148          -1.209           53.52           -10.0       0       0
   10149             0.0          53.025           -10.0       0       0
   10150          1.1905          53.512           -10.0       0       0
   10151          2.3819          53.998           -10.0       0       0
   10152          -2.095          54.811           -10.0       0       0
   10153          -1.044          54.414           -10.0       0       0
   10154             0.0           54.02           -10.0       0       0
   10155          1.0356         54.4098           -10.0       0       0
   10156          2.0834          54.804           -10.0       0       0
   10157          -1.741          55.595           -10.0       0       0
   10158         -0.8659          55.303           -10.0       0       0
   10159             0.0          55.014           -10.0       0       0
   10160         0.87046          55.303           -10.0       0       0
   10161          1.7418         55.5925           -10.0       0       0
   10162          -1.321          56.409           -10.0       0       0
   10163         -0.6895          56.191           -10.0       0       0
   10164             0.0          56.008           -10.0       0       0
   10165         0.70491          56.197           -10.0       0       0
   10166           1.397          56.379           -10.0       0       0
   10167          -1.069          57.174           -10.0       0       0
   10168          -0.537           57.09           -10.0       0       0
   10169             0.0         57.0026           -10.0       0       0
   10170         0.54969          57.095           -10.0       0       0
   10171          1.0985          57.185           -10.0       0       0