     nid x y z tc rc
     486       -2.143873        160.4791            0.01       0       0
     487       -1.608961        160.4852            0.01       0       0
     488       -1.075108        160.4896            0.01       0       0
     489       -0.540432        160.4922            0.01       0       0
     490       -0.005924         160.493            0.01       0       0
     491         0.52837         160.492            0.01       0       0
     492        1.063046        160.4892            0.01       0       0
     493        1.596898        160.4846            0.01       0       0
     494        2.131807        160.4783            0.01       0       0
     495       -2.454142         161.509            0.01       0       0
     496       -1.902478        161.5338            0.01       0       0
     497       -1.274116         161.562            0.01       0       0
     498       -0.660996        161.5896            0.01       0       0
     499       -0.005697         161.619            0.01       0       0
     500        0.649341        161.5893            0.01       0       0
     501        1.262448        161.5616            0.01       0       0
     502          1.8908        161.5331            0.01       0       0
     503        2.442454        161.5081            0.01       0       0
     504       -2.790289        162.5302            0.01       0       0
     505       -2.232773        162.6556            0.01       0       0
     506       -1.515695        162.7127            0.01       0       0
     507        -0.78668        162.7505            0.01       0       0
     508        -0.00547        162.7451            0.01       0       0
     509        0.775449        162.7502            0.01       0       0
     510        1.504449        162.7122            0.01       0       0
     511        2.221507        162.6548            0.01       0       0
     512        2.778977        162.5292            0.01       0       0
     513       -3.317614        164.0141            0.01       0       0
     514        -2.68512        164.2204            0.01       0       0
     515       -1.838377        164.3134            0.01       0       0
     516       -0.963915        164.3769            0.01       0       0
     517       -0.005143        164.3713            0.01       0       0
     518        0.953281        164.3766            0.01       0       0
     519        1.827721        164.3127            0.01       0       0
     520        2.674429        164.2195            0.01       0       0
     521        3.306846        164.0129            0.01       0       0
     522        -3.88431        165.4839            0.01       0       0
     523         -3.1367        165.7856            0.01       0       0
     524       -2.159889        165.9147            0.01       0       0
     525       -1.140956        166.0032            0.01       0       0
     526       -0.004816        165.9974            0.01       0       0
     527         1.13092        166.0027            0.01       0       0
     528        2.149822        165.9139            0.01       0       0
     529        3.126586        165.7844            0.01       0       0
     530        3.874083        165.4825            0.01       0       0
     531       -4.488602         166.938            0.01       0       0
     532       -3.606501        167.3456            0.01       0       0
     533       -2.433937        167.5265            0.01       0       0
     534       -1.318751        167.6295            0.01       0       0
     535       -0.004488        167.6236            0.01       0       0
     536        1.309314         167.629            0.01       0       0
     537        2.424462        167.5256            0.01       0       0
     538        3.596959        167.3443            0.01       0       0
     539         4.47891        166.9364            0.01       0       0
     540       -5.129429        168.3767            0.01       0       0
     541       -4.048584        168.9133            0.01       0       0
     542       -2.754791        169.1279            0.01       0       0
     543       -1.495691        169.2558            0.01       0       0
     544       -0.004162        169.2496            0.01       0       0
     545         1.48685        169.2552            0.01       0       0
     546        2.745903        169.1269            0.01       0       0
     547        4.039618        168.9118            0.01       0       0
     548        5.120267        168.3748            0.01       0       0
     549       -5.904047        170.0456            0.01       0       0
     550       -4.509761        170.6017            0.01       0       0
     551       -3.370612        170.7484            0.01       0       0
     552       -1.619412        170.5667            0.01       0       0
     553       -0.003923        170.4327            0.01       0       0
     554        1.611053        170.5661            0.01       0       0
     555        3.362322        170.7471            0.01       0       0
     556        4.501417           170.6            0.01       0       0
     557        5.895498        170.0435            0.01       0       0
     558       -4.313931        171.3256            0.01       0       0
     559        -3.85371        171.5895            0.01       0       0
     560       -3.393491        171.8534            0.01       0       0
     561       -2.669867        171.6574            0.01       0       0
     562       -1.443375        171.7487            0.01       0       0
     563       -0.003627        171.9006            0.01       0       0
     564        1.435451        171.7482            0.01       0       0
     565         2.66191        171.6564            0.01       0       0
     566        3.385606        171.8521            0.01       0       0
     567        3.845728        171.5881            0.01       0       0
     568        4.305852         171.324            0.01       0       0
     569       -6.285411        170.8056            0.01       0       0
     570       -5.418105         171.303            0.01       0       0
     571       -4.577324        171.7856            0.01       0       0
     572       -4.117103        172.0495            0.01       0       0
     573       -3.657881        172.3134            0.01       0       0
     574       -2.816104         172.796            0.01       0       0
     575       -1.404357         173.608            0.01       0       0
     576       -0.003217        173.9381            0.01       0       0
     577        1.397116        173.6075            0.01       0       0
     578        2.808566        172.7949            0.01       0       0
     579        3.650164        172.3121            0.01       0       0
     580        4.109291         172.048            0.01       0       0
     581        4.569413        171.7839            0.01       0       0
     582        5.410018         171.301            0.01       0       0
     583         6.27714        170.8033            0.01       0       0
     584       -4.841715        172.2457            0.01       0       0
     585       -4.381494        172.5095            0.01       0       0
     586       -3.921371        172.7734            0.01       0       0
     587        3.913825         172.772            0.01       0       0
     588        4.373849        172.5079            0.01       0       0
     589        4.833973        172.2439            0.01       0       0
     590       -6.863487         171.578            0.01       0       0
     591       -5.565337        172.4417            0.01       0       0
     592       -4.863595        173.3506            0.01       0       0
     593       -3.725445        173.4973            0.01       0       0
     594        3.718164         173.496            0.01       0       0
     595        4.856259        173.3488            0.01       0       0
     596        5.557668        172.4396            0.01       0       0
     597        6.855502        171.5754            0.01       0       0
     598       -7.486086        171.8324            0.01       0       0
     599       -6.909899        173.0428            0.01       0       0
     600       -6.294043        174.1034            0.01       0       0
     601        6.286983        174.1011            0.01       0       0
     602         6.90245        173.0403            0.01       0       0
     603        7.478193        171.8296            0.01       0       0
     604       -8.187326        171.8003            0.01       0       0
     605       -8.253811        173.1987            0.01       0       0
     606        -8.30076        174.1886            0.01       0       0
     607        8.297983        174.1853            0.01       0       0
     608         8.25082        173.1955            0.01       0       0
     609        8.184349        171.7971            0.01       0       0
     610       -8.360308        175.4422            0.01       0       0
     611       -6.020004        175.5533            0.01       0       0
     612       -3.916943         175.653            0.01       0       0
     613       -2.500858        174.9795            0.01       0       0
     614        2.494123        174.9786            0.01       0       0
     615        3.910454        175.6516            0.01       0       0
     616        6.013478         175.551            0.01       0       0
     617        8.357622        175.4389            0.01       0       0
     618       -8.471952        177.8034            0.01       0       0
     619       -5.630724        177.9117            0.01       0       0
     620       -2.831242        177.9722            0.01       0       0
     621       -0.002399        178.0036            0.01       0       0
     622        2.825604        177.9712            0.01       0       0
     623        5.625066        177.9097            0.01       0       0
     624        8.470476        177.8001            0.01       0       0
     625       -8.709469        182.7973            0.01       0       0
     626       -5.807731        182.9291            0.01       0       0
     627        -2.90407         182.997            0.01       0       0
     628       -0.001694        183.0031            0.01       0       0
     629         2.90028        182.9959            0.01       0       0
     630        5.803916         182.927            0.01       0       0
     631        8.707769         182.794            0.01       0       0
     632       -8.945986        187.7912            0.01       0       0
     633       -5.966133        187.9309            0.01       0       0
     634       -2.983922        188.0008            0.01       0       0
     635       -0.001198        188.0026            0.01       0       0
     636        2.981972        187.9997            0.01       0       0
     637        5.964158        187.9287            0.01       0       0
     638         8.94605        187.7878            0.01       0       0
     639       -9.183498        192.7851            0.01       0       0
     640       -6.124447        192.9232            0.01       0       0
     641       -3.061682        192.9951            0.01       0       0
     642   -9.300000e-05        193.0021            0.01       0       0
     643        3.061565        192.9939            0.01       0       0
     644        6.124306        192.9209            0.01       0       0
     645        9.183343        192.7817            0.01       0       0
     646       -9.420019        197.7789            0.01       0       0
     647       -6.280931         197.903            0.01       0       0
     648       -3.140594        197.9772            0.01       0       0
     649    9.000000e-04        198.0015            0.01       0       0
     650        3.142311        197.9761            0.01       0       0
     651         6.28262        197.9007            0.01       0       0
     652        9.421619        197.7754            0.01       0       0
  